0:1,
1:2,29,30,43,
2:3,19,
3:4,
4:5,7,
5:6,
6:
7:8,18,
8:9,11,
9:10,
10:
11:12,14,
12:13,
13:
14:15,16,
15:
16:17,
17:
18:
19:20,21,
20:
21:22,27,
22:23,26,
23:24,25,
24:
25:
26:
27:28,
28:
29:
30:31,38,
31:32,36,
32:33,35,
33:34,
34:
35:
36:37,
37:
38:39,41,
39:40,
40:
41:42,
42:
43:
